A = [ 4 -1  0  0 -1  0  0  0  0  0  0  0 ;
     -1  4 -1  0  0 -1  0  0  0  0  0  0 ;
      0 -1  4 -1  0  0 -1  0  0  0  0  0 ;
      0  0 -1  4  0  0  0 -1  0  0  0  0 ;
     -1  0  0  0  4 -1  0  0 -1  0  0  0 ;
      0 -1  0  0 -1  4 -1  0  0 -1  0  0 ;
      0  0 -1  0  0 -1  4 -1  0  0 -1  0 ;
      0  0  0 -1  0  0 -1  4 -1  0  0 -1 ;
      0  0  0  0 -1  0  0  0  4 -1  0  0 ;
      0  0  0  0  0 -1  0  0 -1  4 -1  0 ;
      0  0  0  0  0  0 -1  0  0 -1  4 -1 ;
      0  0  0  0  0  0  0 -1  0  0 -1  4 ]

b = [ 2  1  1  2  1  0  0  1  2  1  1  2 ]

x = [eps eps eps eps eps eps eps eps eps eps eps eps]